
Flags in Test 1 is: 

0,0,0,0
0,0,0,0
0,0,0,0
0,0,0,0
----------------------------------------------------------------------------------------------------
Flags in Test 2 is: 

0,0,0,0
0,0,0,0
0,0,0,0
0,0,0,0
----------------------------------------------------------------------------------------------------
Flags in Test 3 is: 

0,0,0,0
0,0,0,0
0,0,0,0
0,0,0,0
----------------------------------------------------------------------------------------------------
Flags in Test 4 is: 

0,0,0,0
0,0,0,0
0,0,0,0
0,0,0,0
----------------------------------------------------------------------------------------------------
Flags in Test 5 is: 

0,0,0,0
0,0,0,0
0,0,0,0
0,0,0,0
----------------------------------------------------------------------------------------------------
Flags in Test 6 is: 

0,0,0,0
0,0,0,0
0,0,0,0
0,0,0,0
----------------------------------------------------------------------------------------------------
Flags in Test 7 is: 

0,0,0,0
0,0,0,0
0,0,0,0
0,0,0,0
----------------------------------------------------------------------------------------------------
Flags in Test 8 is: 

0,0,0,0
0,0,0,0
0,0,0,0
0,0,0,0
----------------------------------------------------------------------------------------------------
Flags in Test 9 is: 

0,0,0,0
0,0,0,0
0,0,0,0
0,0,0,0
----------------------------------------------------------------------------------------------------
Flags in Test 10 is: 

0,0,0,0
0,0,0,0
0,0,0,0
0,0,0,0
----------------------------------------------------------------------------------------------------