
ScratchPad Before Tests: 

0,0,0,0
0,0,0,0
0,0,0,0
0,0,0,0

0,0,0,0
0,0,0,0
0,0,0,0
0,0,0,0

0,0,0,0
0,0,0,0
0,0,0,0
0,0,0,0

0,0,0,0
0,0,0,0
0,0,0,0
0,0,0,0

----------------------------------------------------------------------------------------------------
ScratchPad in Test 1 is: 

0,0,0,0
0,0,0,0
0,0,0,0
0,0,0,0

0,0,0,0
0,0,0,0
0,0,0,0
0,0,0,0

0,0,0,0
0,0,0,0
0,0,0,0
0,0,0,0

-6,4,0,0
48,-32,0,0
6,-4,0,0
18,-12,0,0

----------------------------------------------------------------------------------------------------
ScratchPad in Test 2 is: 

0,0,0,0
0,0,0,0
0,0,0,0
0,0,0,0

0,0,0,0
0,0,0,0
0,0,0,0
0,0,0,0

21,-24,64,0
-15,24,-56,0
0,0,0,0
0,0,0,0

-6,4,0,0
48,-32,0,0
6,-4,0,0
18,-12,0,0

----------------------------------------------------------------------------------------------------
ScratchPad in Test 3 is: 

0,0,0,0
0,0,0,0
0,0,0,0
0,0,0,0

0,0,0,0
0,0,0,0
0,0,0,0
0,0,0,0

21,-24,64,0
-15,24,-56,0
0,0,0,0
0,0,0,0

0,-24,0,0
0,24,0,0
0,0,0,0
0,0,0,0

----------------------------------------------------------------------------------------------------
ScratchPad in Test 4 is: 

0,-24,0,0
0,0,0,0
0,0,0,0
0,0,0,0

0,0,0,0
0,0,0,0
0,0,0,0
0,0,0,0

21,-24,64,0
-15,24,-56,0
0,0,0,0
0,0,0,0

0,-24,0,0
0,24,0,0
0,0,0,0
0,0,0,0

----------------------------------------------------------------------------------------------------
ScratchPad in Test 5 is: 

0,-24,0,0
0,0,0,0
0,0,0,0
0,0,0,0

0,0,0,0
0,0,0,0
0,0,0,0
0,0,0,0

21,-24,64,0
-15,24,-56,0
0,0,0,0
0,0,0,0

-9,-12,-6,0
21,-28,14,0
-3,4,-2,0
9,-12,6,0

----------------------------------------------------------------------------------------------------
ScratchPad in Test 6 is: 

-18,0,-23,0
42,-56,74,0
-3,4,-2,0
9,-12,6,0

0,0,0,0
0,0,0,0
0,0,0,0
0,0,0,0

21,-24,64,0
-15,24,-56,0
0,0,0,0
0,0,0,0

-9,-12,-6,0
21,-28,14,0
-3,4,-2,0
9,-12,6,0

----------------------------------------------------------------------------------------------------
ScratchPad in Test 7 is: 

12,-12,53,0
6,-4,-12,0
0,0,5,0
0,0,0,0

0,0,0,0
0,0,0,0
0,0,0,0
0,0,0,0

21,-24,64,0
-15,24,-56,0
0,0,0,0
0,0,0,0

-9,-12,-6,0
21,-28,14,0
-3,4,-2,0
9,-12,6,0

----------------------------------------------------------------------------------------------------
ScratchPad in Test 8 is: 

17,-32,38,0
5,0,-9,0
0,0,5,0
0,0,0,0

0,0,0,0
0,0,0,0
0,0,0,0
0,0,0,0

21,-24,64,0
-15,24,-56,0
0,0,0,0
0,0,0,0

-9,-12,-6,0
21,-28,14,0
-3,4,-2,0
9,-12,6,0

----------------------------------------------------------------------------------------------------
ScratchPad in Test 9 is: 

17,-32,38,0
5,0,-9,0
0,0,5,0
0,0,0,0

0,0,0,0
0,0,0,0
0,0,0,0
0,0,0,0

38,18,64,0
-15,24,-56,0
0,0,0,0
0,0,0,0

-9,-12,-6,0
21,-28,14,0
-3,4,-2,0
9,-12,6,0

----------------------------------------------------------------------------------------------------
ScratchPad in Test 10 is: 

17,-32,38,0
5,0,-9,0
0,0,5,0
0,0,0,0

55,60,93,0
-15,24,-62,0
0,0,12,0
0,0,-15,0

38,18,64,0
-15,24,-56,0
0,0,0,0
0,0,0,0

-9,-12,-6,0
21,-28,14,0
-3,4,-2,0
9,-12,6,0

----------------------------------------------------------------------------------------------------